~~####~~

axle_length: 2.7
dt: 0.2
epsilon: 0.5	lane_width: 4
T: 10
lookahead_horizon: 4
N: 20
speed_limit: 15	accel_range: [-3, 3]	yaw_rate_range: [-0.017453292519943295, 0.017453292519943295]

c1_traj_specs: [(0, -10), (4, 0)]
c2_traj_specs: [(0, -5), (0, 0)]

reward_grid:
 [[[-1. -1.]
  [ 0.  1.]]

 [[ 1.  0.]
  [-1. -1.]]]

Parameter Values: [0.1, 0.2, 0.3, 0.4, 0.5, 0.6, 0.7, 0.8, 0.9, 0.99]

Exp_Num: 0	t: 10.4	c1_t: 10.4	c2_t: 10.4
Exp_Num: 1	t: 10.4	c1_t: 10.4	c2_t: 7.999999999999999
